"","targetId","outcomeId","time","surv","n.censor","n.event","n.risk","lower","upper"
"1",1,3,0,1,5,0,11056,1,1
"2",1,3,1,0.999909510451543,0,1,11051,0.999732177946906,1
"3",1,3,3,0.999909510451543,1,0,11050,0.999732177946906,1
"4",1,3,7,0.999728514974947,0,2,11049,0.999421395280284,1
"5",1,3,8,0.99963801723665,1,1,11047,0.999283407767353,0.999992752543996
"6",1,3,10,0.999457005372958,1,2,11045,0.999022739508405,0.999891460008831
"7",1,3,12,0.999366491244596,0,1,11042,0.998897448787828,0.99983575394502
"8",1,3,13,0.999366491244596,1,0,11041,0.998897448787828,0.99983575394502
"9",1,3,14,0.999275968917491,0,1,11040,0.998774557683298,0.99977763187338
"10",1,3,15,0.999185446590385,0,1,11039,0.998653639813876,0.999717536566631
"11",1,3,17,0.99909492426328,0,1,11038,0.998534374018583,0.999655789185753
"12",1,3,18,0.999004401936174,0,1,11037,0.998416517861096,0.999592632167069
"13",1,3,19,0.998823357281963,0,2,11036,0.998184319659904,0.999462804015922
"14",1,3,20,0.998823357281963,1,0,11034,0.998184319659904,0.999462804015922
"15",1,3,21,0.998642296218375,0,2,11033,0.997955918456622,0.99932914605953
"16",1,3,22,0.998642296218375,2,0,11031,0.997955918456622,0.99932914605953
"17",1,3,28,0.998551749269766,0,1,11029,0.997842885170733,0.999261116943377
"18",1,3,31,0.998551749269766,2,0,11028,0.997842885170733,0.999261116943377
"19",1,3,32,0.998461185896895,0,1,11026,0.997730523978567,0.999192382896416
"20",1,3,33,0.998280059151154,2,2,11025,0.997507657853328,0.999053058543401
"21",1,3,34,0.998280059151154,1,0,11021,0.997507657853328,0.999053058543401
"22",1,3,35,0.998280059151154,1,0,11020,0.997507657853328,0.999053058543401
"23",1,3,40,0.998189462902933,1,1,11019,0.997397007839765,0.998982547590034
"24",1,3,41,0.998098858431398,0,1,11017,0.997286845286144,0.998911532735826
"25",1,3,43,0.998008253959862,0,1,11016,0.997177146841234,0.998840053772908
"26",1,3,44,0.997917649488327,1,1,11015,0.997067881206917,0.998768141999397
"27",1,3,46,0.997917649488327,1,0,11013,0.997067881206917,0.998768141999397
"28",1,3,47,0.997827028561203,0,1,11012,0.996958997425907,0.998695815472869
"29",1,3,50,0.997736407634079,1,1,11011,0.996850493754979,0.99862310883626
"30",1,3,51,0.997736407634079,1,0,11009,0.996850493754979,0.99862310883626
"31",1,3,52,0.997736407634079,1,0,11008,0.996850493754979,0.99862310883626
"32",1,3,53,0.997736407634079,1,0,11007,0.996850493754979,0.99862310883626
"33",1,3,54,0.997736407634079,1,0,11006,0.996850493754979,0.99862310883626
"34",1,3,55,0.99764574553434,2,1,11005,0.996742290631076,0.998550019336099
"35",1,3,59,0.997283031211295,0,4,11002,0.996312587691886,0.998254419976841
"36",1,3,60,0.997101674049773,0,2,10998,0.996099433285875,0.998104923233629
"37",1,3,61,0.996920316888251,0,2,10996,0.995887269646308,0.997954435723973
"38",1,3,63,0.996829638307489,0,1,10994,0.995781531939225,0.997878847856445
"39",1,3,64,0.996648281145967,0,2,10993,0.995570696635616,0.997727032010834
"40",1,3,65,0.996557602565206,4,1,10991,0.995465581750697,0.997650821321142
"41",1,3,68,0.996557602565206,1,0,10986,0.995465581750697,0.997650821321142
"42",1,3,70,0.996557602565206,1,0,10985,0.995465581750697,0.997650821321142
"43",1,3,71,0.996466874451353,0,1,10984,0.995360593079478,0.997574385386144
"44",1,3,72,0.996376146337499,0,1,10983,0.995255788769096,0.997497765090309
"45",1,3,73,0.996285418223646,0,1,10982,0.995151161951945,0.997420967301244
"46",1,3,74,0.996285418223646,1,0,10981,0.995151161951945,0.997420967301244
"47",1,3,75,0.996194681846759,0,1,10980,0.995046695419797,0.997343992706877
"48",1,3,77,0.996103945469871,0,1,10979,0.994942393921698,0.997266853078463
"49",1,3,78,0.996013209092984,1,1,10978,0.994838251738292,0.997189554135356
"50",1,3,79,0.996013209092984,1,0,10976,0.994838251738292,0.997189554135356
"51",1,3,80,0.996013209092984,2,0,10975,0.994838251738292,0.997189554135356
"52",1,3,84,0.995922439639863,0,1,10973,0.994734220750511,0.997112077867265
"53",1,3,85,0.995831670186742,0,1,10972,0.994630338798715,0.99703445256319
"54",1,3,86,0.995650131280501,0,2,10971,0.994423002935615,0.996878773914548
"55",1,3,87,0.995650131280501,1,0,10969,0.994423002935615,0.996878773914548
"56",1,3,89,0.995559353551537,0,1,10968,0.99431952952399,0.996800723524399
"57",1,3,90,0.995468575822573,1,1,10967,0.994216187336603,0.996722541910013
"58",1,3,92,0.995377789814746,0,1,10965,0.994112961913849,0.996644226979056
"59",1,3,95,0.995377789814746,1,0,10964,0.994112961913849,0.996644226979056
"60",1,3,96,0.995286995525791,2,1,10963,0.994009849597467,0.996565782385261
"61",1,3,97,0.995196184668535,0,1,10960,0.993906836392775,0.99648720555476
"62",1,3,99,0.995014562954023,0,2,10959,0.993701157263769,0.99632970461338
"63",1,3,100,0.994923752096767,0,1,10957,0.993598485031206,0.99625078681075
"64",1,3,101,0.994832941239511,0,1,10956,0.993495920382716,0.996171761424047
"65",1,3,102,0.994742130382255,1,1,10955,0.9933934605036,0.996092631267972
"66",1,3,104,0.994742130382255,1,0,10953,0.9933934605036,0.996092631267972
"67",1,3,105,0.994742130382255,1,0,10952,0.9933934605036,0.996092631267972
"68",1,3,106,0.994742130382255,2,0,10951,0.9933934605036,0.996092631267972
"69",1,3,107,0.994742130382255,2,0,10949,0.9933934605036,0.996092631267972
"70",1,3,108,0.994742130382255,1,0,10947,0.9933934605036,0.996092631267972
"71",1,3,109,0.994651253154922,0,1,10946,0.993291019429026,0.996013349613646
"72",1,3,113,0.99456037592759,0,1,10945,0.993188678138096,0.995933968175676
"73",1,3,114,0.99456037592759,1,0,10944,0.993188678138096,0.995933968175676
"74",1,3,117,0.994469490395658,0,1,10943,0.993086423762966,0.995854483218523
"75",1,3,120,0.994287719331795,0,2,10942,0.992882197587185,0.995695230729738
"76",1,3,122,0.994287719331795,2,0,10940,0.992882197587185,0.995695230729738
"77",1,3,124,0.994196817181554,0,1,10938,0.992780200622484,0.995615455137178
"78",1,3,127,0.994105915031313,0,1,10937,0.992678292082986,0.995535591119413
"79",1,3,128,0.994015012881073,1,1,10936,0.992576469937595,0.995455640707542
"80",1,3,129,0.993924102417118,0,1,10934,0.992474721931929,0.995375599534343
"81",1,3,130,0.993560460561299,0,4,10933,0.992068537989577,0.995054626761233
"82",1,3,131,0.993560460561299,1,0,10929,0.992068537989577,0.995054626761233
"83",1,3,132,0.993560460561299,1,0,10928,0.992068537989577,0.995054626761233
"84",1,3,133,0.993560460561299,1,0,10927,0.992068537989577,0.995054626761233
"85",1,3,137,0.993469525135657,0,1,10926,0.991967154723195,0.99497417094287
"86",1,3,138,0.993469525135657,1,0,10925,0.991967154723195,0.99497417094287
"87",1,3,142,0.993469525135657,1,0,10924,0.991967154723195,0.99497417094287
"88",1,3,144,0.993469525135657,2,0,10923,0.991967154723195,0.99497417094287
"89",1,3,146,0.993469525135657,1,0,10921,0.991967154723195,0.99497417094287
"90",1,3,147,0.993378548072916,0,1,10920,0.991865794517475,0.994893608818838
"91",1,3,148,0.993287571010175,1,1,10919,0.991764507154762,0.994812973851799
"92",1,3,151,0.993196585613911,0,1,10917,0.991663280948773,0.994732261066837
"93",1,3,152,0.993014614821384,0,2,10916,0.991461037090347,0.994570626943361
"94",1,3,153,0.992832644028856,2,2,10914,0.991259062355453,0.994408723696353
"95",1,3,154,0.992741641953327,0,1,10910,0.991158152388573,0.994327661325454
"96",1,3,155,0.992377633651208,1,4,10909,0.990755136707724,0.994002787655185
"97",1,3,156,0.992286623229927,1,1,10904,0.990654523120152,0.993921412219333
"98",1,3,159,0.992195604460597,0,1,10902,0.990553957501692,0.993839972124132
"99",1,3,164,0.992195604460597,1,0,10901,0.990553957501692,0.993839972124132
"100",1,3,166,0.992104577340922,1,1,10900,0.990453438872411,0.993758468344924
"101",1,3,167,0.991922506396283,0,2,10898,0.990252548886444,0.993595280115064
"102",1,3,171,0.991831470923963,1,1,10896,0.990152185764792,0.993513604128804
"103",1,3,175,0.991740427095165,2,1,10894,0.990051865946711,0.993431868131885
"104",1,3,176,0.991740427095165,2,0,10891,0.990051865946711,0.993431868131885
"105",1,3,178,0.991649349822037,0,1,10889,0.989951558384618,0.993350053013814
"106",1,3,181,0.991649349822037,1,0,10888,0.989951558384618,0.993350053013814
"107",1,3,182,0.991558264183218,0,1,10887,0.989851292500074,0.993268179492691
"108",1,3,184,0.99137609290558,3,2,10886,0.989650912702024,0.993104280479407
"109",1,3,185,0.991284982153543,1,1,10881,0.989550767068087,0.993022236498897
"110",1,3,186,0.991284982153543,1,0,10879,0.989550767068087,0.993022236498897
"111",1,3,191,0.991102727146713,0,2,10878,0.98935058078022,0.99285797657591
"112",1,3,192,0.991102727146713,1,0,10876,0.98935058078022,0.99285797657591
"113",1,3,194,0.991011591263756,1,1,10875,0.989250548732854,0.992775768764662
"114",1,3,195,0.990920446998948,0,1,10873,0.98915055314176,0.992693507739332
"115",1,3,196,0.990738158469331,0,2,10872,0.988950698679298,0.992528848968948
"116",1,3,199,0.990647014204522,0,1,10870,0.988850838469647,0.992446452562176
"117",1,3,200,0.990555869939714,0,1,10869,0.98875102207606,0.99236401233934
"118",1,3,203,0.990555869939714,1,0,10868,0.98875102207606,0.99236401233934
"119",1,3,204,0.990464717287653,1,1,10867,0.988651238882595,0.992281522147781
"120",1,3,205,0.990373556246025,0,1,10865,0.988551488295474,0.992198982576647
"121",1,3,206,0.990282395204397,0,1,10864,0.988451779712071,0.992116401001794
"122",1,3,208,0.990191234162769,0,1,10863,0.988352112546186,0.992033778009424
"123",1,3,210,0.990191234162769,1,0,10862,0.988352112546186,0.992033778009424
"124",1,3,211,0.990191234162769,1,0,10861,0.988352112546186,0.992033778009424
"125",1,3,212,0.990008878502703,2,2,10860,0.988152860358501,0.991868382750613
"126",1,3,213,0.98973529461955,0,3,10856,0.987854219375074,0.991619951813676
"127",1,3,215,0.98973529461955,2,0,10853,0.987854219375074,0.991619951813676
"128",1,3,218,0.989644083183312,0,1,10851,0.987754729635181,0.991537050641579
"129",1,3,219,0.989644083183312,1,0,10850,0.987754729635181,0.991537050641579
"130",1,3,220,0.989644083183312,3,0,10849,0.987754729635181,0.991537050641579
"131",1,3,225,0.989552838108336,0,1,10846,0.987655237880072,0.991454084230925
"132",1,3,226,0.989461593033361,1,1,10845,0.987555783442693,0.991371080502541
"133",1,3,227,0.989461593033361,2,0,10843,0.987555783442693,0.991371080502541
"134",1,3,228,0.989370322708388,0,1,10841,0.987456336030112,0.991288019267162
"135",1,3,229,0.989187782058441,0,2,10840,0.987257549964115,0.99112178803724
"136",1,3,232,0.989096511733468,0,1,10838,0.98715821039826,0.991038618955136
"137",1,3,233,0.988913971083522,0,2,10837,0.986959635991045,0.990872176066433
"138",1,3,236,0.988913971083522,1,0,10835,0.986959635991045,0.990872176066433
"139",1,3,240,0.988913971083522,1,0,10834,0.986959635991045,0.990872176066433
"140",1,3,241,0.988822683908125,1,1,10833,0.986860380474245,0.990788889246309
"141",1,3,243,0.988731388304403,0,1,10831,0.986761148855763,0.990705561677164
"142",1,3,244,0.988731388304403,1,0,10830,0.986761148855763,0.990705561677164
"143",1,3,245,0.988640084270023,1,1,10829,0.986661940743837,0.990622193746094
"144",1,3,246,0.988640084270023,1,0,10827,0.986661940743837,0.990622193746094
"145",1,3,247,0.988640084270023,2,0,10826,0.986661940743837,0.990622193746094
"146",1,3,248,0.988457408718605,0,2,10824,0.986463544016138,0.990455303470106
"147",1,3,251,0.988457408718605,2,0,10822,0.986463544016138,0.990455303470106
"148",1,3,253,0.988366054059759,0,1,10820,0.986364374488043,0.990371795742
"149",1,3,254,0.988366054059759,2,0,10819,0.986364374488043,0.990371795742
"150",1,3,255,0.988274682509971,0,1,10817,0.986265217104088,0.990288242099798
"151",1,3,256,0.988000567860606,1,3,10816,0.985967933074954,0.990037393050462
"152",1,3,257,0.987909187859879,0,1,10812,0.985868890035252,0.989953708168099
"153",1,3,259,0.987909187859879,1,0,10811,0.985868890035252,0.989953708168099
"154",1,3,260,0.987817799405868,0,1,10810,0.985769867309045,0.989869986071645
"155",1,3,261,0.987635022497846,2,2,10809,0.985571911129976,0.989702452605391
"156",1,3,262,0.987452211757911,0,2,10805,0.985374032350431,0.989534774099696
"157",1,3,268,0.987452211757911,1,0,10803,0.985374032350431,0.989534774099696
"158",1,3,269,0.987452211757911,1,0,10802,0.985374032350431,0.989534774099696
"159",1,3,270,0.98736078946259,0,1,10801,0.985275116290812,0.989450877677951
"160",1,3,271,0.98736078946259,2,0,10800,0.985275116290812,0.989450877677951
"161",1,3,274,0.98736078946259,1,0,10798,0.985275116290812,0.989450877677951
"162",1,3,275,0.98736078946259,1,0,10797,0.985275116290812,0.989450877677951
"163",1,3,277,0.98736078946259,1,0,10796,0.985275116290812,0.989450877677951
"164",1,3,278,0.987086395542406,0,3,10795,0.984978388942827,0.989198913603225
"165",1,3,279,0.987086395542406,2,0,10792,0.984978388942827,0.989198913603225
"166",1,3,280,0.987086395542406,1,0,10790,0.984978388942827,0.989198913603225
"167",1,3,282,0.987086395542406,1,0,10789,0.984978388942827,0.989198913603225
"168",1,3,283,0.986994896988871,1,1,10788,0.984879495712731,0.989114841889462
"169",1,3,284,0.986811882915629,0,2,10786,0.984681770934429,0.988946602859714
"170",1,3,286,0.986811882915629,1,0,10784,0.984681770934429,0.988946602859714
"171",1,3,289,0.986811882915629,1,0,10783,0.984681770934429,0.988946602859714
"172",1,3,290,0.986811882915629,1,0,10782,0.984681770934429,0.988946602859714
"173",1,3,291,0.986720350415591,1,1,10781,0.984582919117443,0.988862421863864
"174",1,3,292,0.986628809423809,0,1,10779,0.98448408387275,0.988778207318246
"175",1,3,294,0.986537268432027,2,1,10778,0.984385274801906,0.98869396659878
"176",1,3,296,0.986445710448878,2,1,10775,0.984286471927891,0.988609685711784
"177",1,3,298,0.986262560484072,1,2,10772,0.984088903521383,0.988441018623335
"178",1,3,299,0.986262560484072,1,0,10769,0.984088903521383,0.988441018623335
"179",1,3,302,0.986262560484072,1,0,10768,0.984088903521383,0.988441018623335
"180",1,3,303,0.986262560484072,2,0,10767,0.984088903521383,0.988441018623335
"181",1,3,305,0.986170942968003,1,1,10765,0.983990107933242,0.988356611426809
"182",1,3,310,0.986079316939668,0,1,10763,0.98389132746409,0.988272172092797
"183",1,3,312,0.985896064882998,0,2,10762,0.983693840510407,0.988103219440152
"184",1,3,313,0.985804438854663,0,1,10760,0.983595133548638,0.988018706598758
"185",1,3,314,0.985804438854663,1,0,10759,0.983595133548638,0.988018706598758
"186",1,3,315,0.985621169763967,0,2,10758,0.983397771808051,0.987849594677043
"187",1,3,316,0.985437900673271,0,2,10756,0.98320050441436,0.987680388408433
"188",1,3,317,0.985437900673271,2,0,10754,0.98320050441436,0.987680388408433
"189",1,3,319,0.985346249082806,0,1,10752,0.983101885874144,0.987595736039358
"190",1,3,320,0.985346249082806,1,0,10751,0.983101885874144,0.987595736039358
"191",1,3,321,0.985254588966613,0,1,10750,0.983003280446248,0.987511053512552
"192",1,3,322,0.985071268734225,1,2,10749,0.982806137613093,0.987341620436304
"193",1,3,323,0.985071268734225,1,0,10746,0.982806137613093,0.987341620436304
"194",1,3,325,0.984979591557051,0,1,10745,0.982707580136844,0.987256855847998
"195",1,3,327,0.984979591557051,1,0,10744,0.982707580136844,0.987256855847998
"196",1,3,328,0.984887905846211,1,1,10743,0.982609034975929,0.987172061883084
"197",1,3,329,0.984887905846211,1,0,10741,0.982609034975929,0.987172061883084
"198",1,3,330,0.984887905846211,1,0,10740,0.982609034975929,0.987172061883084
"199",1,3,331,0.984796194522452,0,1,10739,0.982510482280233,0.987087224245297
"200",1,3,334,0.984704483198693,0,1,10738,0.982411951364135,0.987002364827913
"201",1,3,336,0.984704483198693,1,0,10737,0.982411951364135,0.987002364827913
"202",1,3,337,0.984612763332523,2,1,10736,0.982313432206858,0.986917476572952
"203",1,3,338,0.984612763332523,3,0,10733,0.982313432206858,0.986917476572952
"204",1,3,341,0.984612763332523,2,0,10730,0.982313432206858,0.986917476572952
"205",1,3,343,0.984520983619312,0,1,10728,0.98221486563098,0.986832516085027
"206",1,3,344,0.984520983619312,1,0,10727,0.98221486563098,0.986832516085027
"207",1,3,345,0.984520983619312,1,0,10726,0.98221486563098,0.986832516085027
"208",1,3,347,0.984429186791002,1,1,10725,0.982116300649499,0.986747519784676
"209",1,3,348,0.984245576012901,0,2,10723,0.981919214131266,0.986577449508451
"210",1,3,349,0.98415377062385,0,1,10721,0.981820702074662,0.986492383167827
"211",1,3,351,0.98415377062385,1,0,10720,0.981820702074662,0.986492383167827
"212",1,3,354,0.984061956670065,2,1,10719,0.981722200750038,0.986407288971843
"213",1,3,355,0.984061956670065,1,0,10716,0.981722200750038,0.986407288971843
"214",1,3,356,0.984061956670065,1,0,10715,0.981722200750038,0.986407288971843
"215",1,3,357,0.983970108438156,1,1,10714,0.981623680488541,0.986322145180868
"216",1,3,358,0.983878251631917,0,1,10712,0.981525170642953,0.986236973831423
"217",1,3,360,0.983878251631917,1,0,10711,0.981525170642953,0.986236973831423
"218",1,3,364,0.983786386248945,0,1,10710,0.981426671050076,0.986151775081905
"219",1,3,365,0.983694520865972,3,1,10709,0.981328191382283,0.986066556407304
"220",1,3,367,0.983694520865972,3,0,10705,0.981328191382283,0.986066556407304
"221",1,3,369,0.983510687092684,0,2,10702,0.981131173174731,0.985895971988708
"222",1,3,370,0.983510687092684,3,0,10700,0.981131173174731,0.985895971988708
"223",1,3,371,0.983326801762761,0,2,10697,0.980934173856505,0.985725265604242
"224",1,3,372,0.983326801762761,3,0,10695,0.980934173856505,0.985725265604242
"225",1,3,373,0.983234833300194,0,1,10692,0.980835673523916,0.985639861508655
"226",1,3,374,0.983234833300194,1,0,10691,0.980835673523916,0.985639861508655
"227",1,3,375,0.983142856234404,0,1,10690,0.980737182392756,0.985554431011324
"228",1,3,376,0.982958902102823,1,2,10689,0.980540256663086,0.985383513484013
"229",1,3,379,0.982958902102823,1,0,10686,0.980540256663086,0.985383513484013
"230",1,3,380,0.982958902102823,2,0,10685,0.980540256663086,0.985383513484013
"231",1,3,382,0.982958902102823,1,0,10683,0.980540256663086,0.985383513484013
"232",1,3,383,0.982774861866518,0,2,10682,0.980343306945622,0.985212447796442
"233",1,3,384,0.982774861866518,1,0,10680,0.980343306945622,0.985212447796442
"234",1,3,386,0.982774861866518,4,0,10679,0.980343306945622,0.985212447796442
"235",1,3,387,0.982682798647608,1,1,10675,0.980244810436588,0.985126850432191
"236",1,3,388,0.982498654958177,2,2,10673,0.980047852248972,0.984955586382328
"237",1,3,390,0.982498654958177,1,0,10669,0.980047852248972,0.984955586382328
"238",1,3,391,0.982498654958177,2,0,10668,0.980047852248972,0.984955586382328
"239",1,3,392,0.982498654958177,1,0,10666,0.980047852248972,0.984955586382328
"240",1,3,393,0.982498654958177,1,0,10665,0.980047852248972,0.984955586382328
"241",1,3,394,0.982406522676205,0,1,10664,0.979949331184782,0.984869875496415
"242",1,3,396,0.982406522676205,1,0,10663,0.979949331184782,0.984869875496415
"243",1,3,397,0.982406522676205,2,0,10662,0.979949331184782,0.984869875496415
"244",1,3,398,0.982406522676205,1,0,10660,0.979949331184782,0.984869875496415
"245",1,3,399,0.982314355819776,1,1,10659,0.979850788533587,0.984784117073295
"246",1,3,400,0.982314355819776,1,0,10657,0.979850788533587,0.984784117073295
"247",1,3,402,0.982314355819776,1,0,10656,0.979850788533587,0.984784117073295
"248",1,3,403,0.982314355819776,1,0,10655,0.979850788533587,0.984784117073295
"249",1,3,404,0.982314355819776,2,0,10654,0.979850788533587,0.984784117073295
"250",1,3,405,0.982314355819776,1,0,10652,0.979850788533587,0.984784117073295
"251",1,3,407,0.982314355819776,2,0,10651,0.979850788533587,0.984784117073295
"252",1,3,408,0.982314355819776,1,0,10649,0.979850788533587,0.984784117073295
"253",1,3,411,0.982037595576776,1,3,10648,0.979554970540405,0.984526512681746
"254",1,3,412,0.981945333495267,1,1,10644,0.979456389642033,0.984440602123724
"255",1,3,413,0.981945333495267,1,0,10642,0.979456389642033,0.984440602123724
"256",1,3,414,0.981945333495267,3,0,10641,0.979456389642033,0.984440602123724
"257",1,3,416,0.981853028049366,1,1,10638,0.979357776623845,0.984354636987765
"258",1,3,417,0.981853028049366,4,0,10636,0.979357776623845,0.984354636987765
"259",1,3,418,0.981760679194208,2,1,10632,0.9792591313491,0.984268617320928
"260",1,3,419,0.981760679194208,2,0,10629,0.9792591313491,0.984268617320928
"261",1,3,420,0.981668295578964,0,1,10627,0.979160463579551,0.984182550653624
"262",1,3,422,0.981668295578964,1,0,10626,0.979160463579551,0.984182550653624
"263",1,3,424,0.98148351095862,1,2,10625,0.978963159047695,0.984010351544522
"264",1,3,425,0.98148351095862,1,0,10622,0.978963159047695,0.984010351544522
"265",1,3,426,0.98148351095862,1,0,10621,0.978963159047695,0.984010351544522
"266",1,3,427,0.98148351095862,1,0,10620,0.978963159047695,0.984010351544522
"267",1,3,428,0.98148351095862,3,0,10619,0.978963159047695,0.984010351544522
"268",1,3,429,0.981391057726615,2,1,10616,0.978864462642649,0.983924174329098
"269",1,3,430,0.981298587071972,1,1,10613,0.97876576307328,0.983837965445215
"270",1,3,431,0.981298587071972,4,0,10611,0.97876576307328,0.983837965445215
"271",1,3,432,0.981298587071972,4,0,10607,0.97876576307328,0.983837965445215
"272",1,3,433,0.981298587071972,1,0,10603,0.97876576307328,0.983837965445215
"273",1,3,434,0.981206029197319,1,1,10602,0.978666980886148,0.983751664801668
"274",1,3,435,0.981113462590791,1,1,10600,0.978568205252093,0.983665340147564
"275",1,3,436,0.981113462590791,1,0,10598,0.978568205252093,0.983665340147564
"276",1,3,437,0.981113462590791,1,0,10597,0.978568205252093,0.983665340147564
"277",1,3,438,0.981113462590791,3,0,10596,0.978568205252093,0.983665340147564
"278",1,3,440,0.981113462590791,2,0,10593,0.978568205252093,0.983665340147564
"279",1,3,441,0.981113462590791,4,0,10591,0.978568205252093,0.983665340147564
"280",1,3,442,0.981020791063202,1,1,10587,0.978469326759749,0.983578908585017
"281",1,3,443,0.981020791063202,1,0,10585,0.978469326759749,0.983578908585017
"282",1,3,444,0.981020791063202,2,0,10584,0.978469326759749,0.983578908585017
"283",1,3,445,0.98092808450574,0,1,10582,0.978370424789062,0.983492430466258
"284",1,3,446,0.98092808450574,4,0,10581,0.978370424789062,0.983492430466258
"285",1,3,447,0.980835342888598,3,1,10577,0.978271499222395,0.983405905849343
"286",1,3,448,0.980835342888598,1,0,10573,0.978271499222395,0.983405905849343
"287",1,3,449,0.980742566181931,3,1,10572,0.978172549943063,0.983319334791296
"288",1,3,450,0.980742566181931,1,0,10568,0.978172549943063,0.983319334791296
"289",1,3,451,0.980742566181931,2,0,10567,0.978172549943063,0.983319334791296
"290",1,3,452,0.980742566181931,2,0,10565,0.978172549943063,0.983319334791296
"291",1,3,453,0.980649719209841,4,1,10563,0.978073536936042,0.983232686980699
"292",1,3,454,0.980649719209841,1,0,10558,0.978073536936042,0.983232686980699
"293",1,3,455,0.980649719209841,1,0,10557,0.978073536936042,0.983232686980699
"294",1,3,456,0.9805568194638,1,1,10556,0.977974480004158,0.983145977585096
"295",1,3,457,0.980463910915433,3,1,10554,0.977875428978475,0.983059244684986
"296",1,3,458,0.980370975947574,2,1,10550,0.97777636377013,0.982972473147607
"297",1,3,459,0.980370975947574,1,0,10547,0.97777636377013,0.982972473147607
"298",1,3,460,0.980278014542686,0,1,10546,0.977677284272977,0.982885663044049
"299",1,3,461,0.980278014542686,4,0,10545,0.977677284272977,0.982885663044049
"300",1,3,463,0.980185017861674,1,1,10541,0.9775781803798,0.982798806809727
"301",1,3,464,0.980092012356611,2,1,10539,0.977479081998609,0.982711927421685
"302",1,3,465,0.980092012356611,2,0,10536,0.977479081998609,0.982711927421685
"303",1,3,466,0.979998971535237,3,1,10534,0.977379959007915,0.982625002036024
"304",1,3,467,0.979905904206506,3,1,10530,0.977280821313508,0.982538038358513
"305",1,3,468,0.979905904206506,4,0,10526,0.977280821313508,0.982538038358513
"306",1,3,469,0.979719645718727,0,2,10522,0.97708245131505,0.982363958041995
"307",1,3,470,0.979719645718727,2,0,10520,0.97708245131505,0.982363958041995
"308",1,3,471,0.979626498766291,3,1,10518,0.976983268924102,0.982276879871169
"309",1,3,472,0.979626498766291,3,0,10514,0.976983268924102,0.982276879871169
"310",1,3,473,0.979626498766291,4,0,10511,0.976983268924102,0.982276879871169
"311",1,3,474,0.979626498766291,2,0,10507,0.976983268924102,0.982276879871169
"312",1,3,475,0.979626498766291,1,0,10505,0.976983268924102,0.982276879871169
"313",1,3,476,0.979439974299656,1,2,10504,0.976784688076342,0.982102478638707
"314",1,3,477,0.979439974299656,2,0,10501,0.976784688076342,0.982102478638707
"315",1,3,478,0.979439974299656,3,0,10499,0.976784688076342,0.982102478638707
"316",1,3,479,0.979346658753324,1,1,10496,0.976685359656989,0.98201520943054
"317",1,3,480,0.979346658753324,2,0,10494,0.976685359656989,0.98201520943054
"318",1,3,481,0.979159974296833,2,2,10492,0.976486686715991,0.98184058042752
"319",1,3,482,0.979066614268773,5,1,10488,0.976387352069974,0.981753228514805
"320",1,3,483,0.978786400584094,3,3,10482,0.976089283896979,0.981490969907503
"321",1,3,484,0.978786400584094,2,0,10476,0.976089283896979,0.981490969907503
"322",1,3,485,0.978786400584094,4,0,10474,0.976089283896979,0.981490969907503
"323",1,3,486,0.978786400584094,5,0,10470,0.976089283896979,0.981490969907503
"324",1,3,487,0.978786400584094,4,0,10465,0.976089283896979,0.981490969907503
"325",1,3,488,0.978786400584094,5,0,10461,0.976089283896979,0.981490969907503
"326",1,3,489,0.978786400584094,5,0,10456,0.976089283896979,0.981490969907503
"327",1,3,490,0.978692745775885,5,1,10451,0.975989673793093,0.981403304106474
"328",1,3,491,0.978692745775885,2,0,10445,0.975989673793093,0.981403304106474
"329",1,3,492,0.978599028190347,5,1,10443,0.975890007092039,0.981315569393644
"330",1,3,493,0.978411503225666,3,2,10437,0.975690614985221,0.981139979150878
"331",1,3,495,0.978223924333176,4,2,10432,0.975491218408753,0.980964285561439
"332",1,3,496,0.978223924333176,2,0,10426,0.975491218408753,0.980964285561439
"333",1,3,497,0.978223924333176,1,0,10424,0.975491218408753,0.980964285561439
"334",1,3,498,0.97813007189872,7,1,10423,0.975391469994636,0.980876362962101
"335",1,3,499,0.97813007189872,4,0,10415,0.975391469994636,0.980876362962101
"336",1,3,500,0.978036120302149,4,1,10411,0.975291623596006,0.980788340095406
"337",1,3,501,0.977942132591184,3,1,10406,0.975191750311064,0.980700271912609
"338",1,3,502,0.977942132591184,4,0,10402,0.975191750311064,0.980700271912609
"339",1,3,503,0.977848081607092,5,1,10398,0.97509181945422,0.980612134801694
"340",1,3,504,0.977848081607092,4,0,10392,0.97509181945422,0.980612134801694
"341",1,3,505,0.977848081607092,1,0,10388,0.97509181945422,0.980612134801694
"342",1,3,506,0.977753940076178,3,1,10387,0.974991800235016,0.980523905025716
"343",1,3,507,0.977753940076178,6,0,10383,0.974991800235016,0.980523905025716
"344",1,3,508,0.977659716896061,7,1,10377,0.974891702663843,0.980435590363072
"345",1,3,509,0.977471143317722,2,2,10369,0.97469140503753,0.980258809178753
"346",1,3,511,0.97737683833525,2,1,10365,0.974591256045276,0.980170382392423
"347",1,3,512,0.977282515150698,6,1,10362,0.974491099992698,0.980081926275602
"348",1,3,513,0.977188137312441,4,1,10355,0.974390895760129,0.979993409071455
"349",1,3,514,0.977188137312441,5,0,10350,0.974390895760129,0.979993409071455
"350",1,3,515,0.977188137312441,4,0,10345,0.974390895760129,0.979993409071455
"351",1,3,516,0.977188137312441,5,0,10341,0.974390895760129,0.979993409071455
"352",1,3,517,0.977093595116493,4,1,10336,0.974290519772799,0.979904735027401
"353",1,3,518,0.977093595116493,2,0,10331,0.974290519772799,0.979904735027401
"354",1,3,519,0.976998998002047,5,1,10329,0.974190095277785,0.979815999694418
"355",1,3,520,0.976904355068985,5,1,10323,0.974089632477919,0.979727211062769
"356",1,3,521,0.976904355068985,8,0,10317,0.974089632477919,0.979727211062769
"357",1,3,522,0.976904355068985,4,0,10309,0.974089632477919,0.979727211062769
"358",1,3,523,0.976904355068985,5,0,10305,0.974089632477919,0.979727211062769
"359",1,3,524,0.976809509985968,3,1,10300,0.973988955357054,0.979638232601153
"360",1,3,525,0.976809509985968,5,0,10296,0.973988955357054,0.979638232601153
"361",1,3,526,0.976809509985968,5,0,10291,0.973988955357054,0.979638232601153
"362",1,3,527,0.976714545032635,3,1,10286,0.973888156565163,0.979549136158405
"363",1,3,528,0.976524559709734,4,2,10282,0.973686536246032,0.979370855216728
"364",1,3,529,0.976429530071771,9,1,10276,0.973585704159782,0.979281662746876
"365",1,3,530,0.976429530071771,6,0,10266,0.973585704159782,0.979281662746876
"366",1,3,531,0.976429530071771,11,0,10260,0.973585704159782,0.979281662746876
"367",1,3,532,0.9763342593595,4,1,10249,0.973484613942058,0.979192246438318
"368",1,3,533,0.976238951446638,4,1,10244,0.97338349496141,0.97910278451908
"369",1,3,534,0.976238951446638,2,0,10239,0.97338349496141,0.97910278451908
"370",1,3,535,0.976238951446638,3,0,10237,0.97338349496141,0.97910278451908
"371",1,3,536,0.976238951446638,2,0,10234,0.97338349496141,0.97910278451908
"372",1,3,537,0.976238951446638,3,0,10232,0.97338349496141,0.97910278451908
"373",1,3,538,0.976238951446638,3,0,10229,0.97338349496141,0.97910278451908
"374",1,3,539,0.976238951446638,10,0,10226,0.97338349496141,0.97910278451908
"375",1,3,540,0.976238951446638,4,0,10216,0.97338349496141,0.97910278451908
"376",1,3,541,0.976238951446638,6,0,10212,0.97338349496141,0.97910278451908
"377",1,3,542,0.976143298012242,6,1,10206,0.973282000393689,0.979013007400517
"378",1,3,543,0.976143298012242,8,0,10199,0.973282000393689,0.979013007400517
"379",1,3,544,0.976143298012242,4,0,10191,0.973282000393689,0.979013007400517
"380",1,3,545,0.976143298012242,7,0,10187,0.973282000393689,0.979013007400517
"381",1,3,546,0.975951521332868,11,2,10180,0.973078522238256,0.978833002912303
"382",1,3,547,0.975855529248543,7,1,10167,0.972976686180926,0.978742890235988
"383",1,3,548,0.975855529248543,4,0,10159,0.972976686180926,0.978742890235988
"384",1,3,549,0.975759433184609,5,1,10155,0.972874746282642,0.978652673519126
"385",1,3,550,0.975663289778048,5,1,10149,0.972772766209117,0.978562402327667
"386",1,3,551,0.975567098977518,6,1,10143,0.972670745858725,0.978472076660608
"387",1,3,552,0.975567098977518,4,0,10136,0.972670745858725,0.978472076660608
"388",1,3,553,0.975567098977518,6,0,10132,0.972670745858725,0.978472076660608
"389",1,3,554,0.975567098977518,4,0,10126,0.972670745858725,0.978472076660608
"390",1,3,555,0.975567098977518,6,0,10122,0.972670745858725,0.978472076660608
"391",1,3,556,0.975567098977518,8,0,10116,0.972670745858725,0.978472076660608
"392",1,3,557,0.975567098977518,5,0,10108,0.972670745858725,0.978472076660608
"393",1,3,558,0.975567098977518,1,0,10103,0.972670745858725,0.978472076660608
"394",1,3,559,0.975567098977518,12,0,10102,0.972670745858725,0.978472076660608
"395",1,3,560,0.975373725915282,8,2,10090,0.972465629669677,0.978290518636646
"396",1,3,561,0.975276962648823,5,1,10080,0.972363004944066,0.978199652842847
"397",1,3,562,0.975083340063425,6,2,10074,0.97215768653861,0.978017798176904
"398",1,3,563,0.974986471064809,6,1,10066,0.972054981876944,0.977926800934549
"399",1,3,564,0.974986471064809,4,0,10059,0.972054981876944,0.977926800934549
"400",1,3,565,0.974889505727061,7,1,10055,0.971952181847704,0.977835706454202
"401",1,3,566,0.974889505727061,5,0,10047,0.971952181847704,0.977835706454202
"402",1,3,567,0.974792424517568,7,1,10042,0.971849264500937,0.977744497635437
"403",1,3,568,0.974695275581499,12,1,10034,0.971746283899634,0.977653216669277
"404",1,3,569,0.974695275581499,6,0,10021,0.971746283899634,0.977653216669277
"405",1,3,570,0.974695275581499,8,0,10015,0.971746283899634,0.977653216669277
"406",1,3,571,0.974695275581499,8,0,10007,0.971746283899634,0.977653216669277
"407",1,3,572,0.974597796306013,5,1,9999,0.971642945115097,0.977561633457877
"408",1,3,573,0.974305212158218,9,3,9993,0.971332841348227,0.97728667870538
"409",1,3,574,0.974305212158218,6,0,9981,0.971332841348227,0.97728667870538
"410",1,3,575,0.974109862742246,5,2,9975,0.971125839787981,0.977103054840845
"411",1,3,576,0.974109862742246,4,0,9968,0.971125839787981,0.977103054840845
"412",1,3,577,0.974109862742246,6,0,9964,0.971125839787981,0.977103054840845
"413",1,3,578,0.974012040904252,9,1,9958,0.971022192843201,0.977011094925264
"414",1,3,579,0.973816220228558,11,2,9948,0.97081473810479,0.976826982078503
"415",1,3,580,0.973816220228558,6,0,9935,0.97081473810479,0.976826982078503
"416",1,3,581,0.973816220228558,8,0,9929,0.97081473810479,0.976826982078503
"417",1,3,582,0.973816220228558,11,0,9921,0.97081473810479,0.976826982078503
"418",1,3,583,0.973816220228558,9,0,9910,0.97081473810479,0.976826982078503
"419",1,3,584,0.973816220228558,8,0,9901,0.97081473810479,0.976826982078503
"420",1,3,585,0.973816220228558,6,0,9893,0.97081473810479,0.976826982078503
"421",1,3,586,0.9736192310063,12,2,9887,0.97060602275135,0.976641793647866
"422",1,3,587,0.973520616681272,11,1,9873,0.970501549775484,0.976549075395845
"423",1,3,588,0.973520616681272,7,0,9861,0.970501549775484,0.976549075395845
"424",1,3,589,0.973520616681272,12,0,9854,0.970501549775484,0.976549075395845
"425",1,3,590,0.973421701763909,9,1,9842,0.970396752237022,0.976456080753148
"426",1,3,591,0.973421701763909,18,0,9832,0.970396752237022,0.976456080753148
"427",1,3,592,0.973421701763909,8,0,9814,0.970396752237022,0.976456080753148
"428",1,3,593,0.973421701763909,11,0,9806,0.970396752237022,0.976456080753148
"429",1,3,594,0.973322322315031,15,1,9795,0.970291446213682,0.97636266589131
"430",1,3,595,0.973322322315031,4,0,9779,0.970291446213682,0.97636266589131
"431",1,3,596,0.973322322315031,8,0,9775,0.970291446213682,0.97636266589131
"432",1,3,597,0.973322322315031,8,0,9767,0.970291446213682,0.97636266589131
"433",1,3,598,0.973322322315031,8,0,9759,0.970291446213682,0.97636266589131
"434",1,3,599,0.973222504622249,10,1,9751,0.970185661225478,0.976268853846807
"435",1,3,600,0.973122584447237,14,1,9740,0.970079774231021,0.976174938923892
"436",1,3,601,0.973022520428271,14,1,9725,0.969973738798563,0.976080884863217
"437",1,3,602,0.973022520428271,9,0,9710,0.969973738798563,0.976080884863217
"438",1,3,603,0.972922219168562,15,1,9701,0.969867450114455,0.975986609758038
"439",1,3,604,0.972922219168562,9,0,9685,0.969867450114455,0.975986609758038
"440",1,3,605,0.972821669125242,15,1,9676,0.969760895258924,0.975892103451892
"441",1,3,606,0.972821669125242,8,0,9660,0.969760895258924,0.975892103451892
"442",1,3,607,0.972821669125242,9,0,9652,0.969760895258924,0.975892103451892
"443",1,3,608,0.972821669125242,14,0,9643,0.969760895258924,0.975892103451892
"444",1,3,609,0.972720638730692,5,1,9629,0.969653814301432,0.975797162922837
"445",1,3,610,0.972619555841912,9,1,9623,0.969546687677789,0.97570216311285
"446",1,3,611,0.972619555841912,15,0,9613,0.969546687677789,0.97570216311285
"447",1,3,612,0.972619555841912,19,0,9598,0.969546687677789,0.97570216311285
"448",1,3,613,0.972619555841912,11,0,9579,0.969546687677789,0.97570216311285
"449",1,3,614,0.972619555841912,10,0,9568,0.969546687677789,0.97570216311285
"450",1,3,615,0.972517796106,12,1,9558,0.969438814324629,0.975606556873595
"451",1,3,616,0.972517796106,11,0,9545,0.969438814324629,0.975606556873595
"452",1,3,617,0.972415790882998,13,1,9534,0.969330678758332,0.975510722068414
"453",1,3,618,0.972415790882998,14,0,9520,0.969330678758332,0.975510722068414
"454",1,3,619,0.972415790882998,13,0,9506,0.969330678758332,0.975510722068414
"455",1,3,620,0.972415790882998,4,0,9493,0.969330678758332,0.975510722068414
"456",1,3,621,0.972415790882998,14,0,9489,0.969330678758332,0.975510722068414
"457",1,3,622,0.972415790882998,15,0,9475,0.969330678758332,0.975510722068414
"458",1,3,623,0.972415790882998,17,0,9460,0.969330678758332,0.975510722068414
"459",1,3,624,0.972415790882998,16,0,9443,0.969330678758332,0.975510722068414
"460",1,3,625,0.972415790882998,13,0,9427,0.969330678758332,0.975510722068414
"461",1,3,626,0.972415790882998,13,0,9414,0.969330678758332,0.975510722068414
"462",1,3,627,0.972415790882998,12,0,9401,0.969330678758332,0.975510722068414
"463",1,3,628,0.972415790882998,20,0,9389,0.969330678758332,0.975510722068414
"464",1,3,629,0.972415790882998,14,0,9369,0.969330678758332,0.975510722068414
"465",1,3,630,0.972311844780284,6,1,9355,0.969220374857334,0.975413175398008
"466",1,3,631,0.972311844780284,13,0,9348,0.969220374857334,0.975413175398008
"467",1,3,632,0.972311844780284,15,0,9335,0.969220374857334,0.975413175398008
"468",1,3,633,0.97220751947505,16,1,9320,0.969109658738612,0.975315282848467
"469",1,3,634,0.97220751947505,17,0,9303,0.969109658738612,0.975315282848467
"470",1,3,635,0.971998127375228,15,2,9286,0.968887435952265,0.975118805924424
"471",1,3,636,0.971998127375228,17,0,9269,0.968887435952265,0.975118805924424
"472",1,3,637,0.971893069211871,18,1,9252,0.968775939060462,0.975020229030605
"473",1,3,638,0.971682543257315,15,2,9233,0.968552528571246,0.97482267302919
"474",1,3,639,0.971682543257315,14,0,9216,0.968552528571246,0.97482267302919
"475",1,3,640,0.971682543257315,8,0,9202,0.968552528571246,0.97482267302919
"476",1,3,641,0.971682543257315,18,0,9194,0.968552528571246,0.97482267302919
"477",1,3,642,0.971682543257315,22,0,9176,0.968552528571246,0.97482267302919
"478",1,3,643,0.97157639484752,16,1,9154,0.96843984877571,0.974723099445204
"479",1,3,644,0.97157639484752,10,0,9137,0.96843984877571,0.974723099445204
"480",1,3,645,0.97157639484752,17,0,9127,0.96843984877571,0.974723099445204
"481",1,3,646,0.97146974540791,17,1,9110,0.96832661984224,0.974623073355834
"482",1,3,647,0.97146974540791,14,0,9092,0.96832661984224,0.974623073355834
"483",1,3,648,0.971255718145207,18,2,9078,0.968099387515673,0.974422339477505
"484",1,3,649,0.971255718145207,11,0,9058,0.968099387515673,0.974422339477505
"485",1,3,650,0.971255718145207,16,0,9047,0.968099387515673,0.974422339477505
"486",1,3,651,0.971148171282385,18,1,9031,0.967985193739393,0.974321484135259
"487",1,3,652,0.971148171282385,17,0,9012,0.967985193739393,0.974321484135259
"488",1,3,653,0.971148171282385,15,0,8995,0.967985193739393,0.974321484135259
"489",1,3,654,0.971148171282385,22,0,8980,0.967985193739393,0.974321484135259
"490",1,3,655,0.971039760010753,22,1,8958,0.967870041335592,0.974219859332128
"491",1,3,656,0.971039760010753,18,0,8935,0.967870041335592,0.974219859332128
"492",1,3,657,0.970930862426362,16,1,8917,0.967754356548502,0.974117794699644
"493",1,3,658,0.970930862426362,13,0,8900,0.967754356548502,0.974117794699644
"494",1,3,659,0.970930862426362,16,0,8887,0.967754356548502,0.974117794699644
"495",1,3,660,0.970930862426362,17,0,8871,0.967754356548502,0.974117794699644
"496",1,3,661,0.970930862426362,21,0,8854,0.967754356548502,0.974117794699644
"497",1,3,662,0.970820941576999,19,1,8833,0.967637533530656,0.974014822642876
"498",1,3,663,0.970490468091837,18,3,8813,0.967286361819784,0.9737051878672
"499",1,3,664,0.970490468091837,19,0,8792,0.967286361819784,0.9737051878672
"500",1,3,665,0.970490468091837,11,0,8773,0.967286361819784,0.9737051878672
"501",1,3,666,0.970490468091837,18,0,8762,0.967286361819784,0.9737051878672
"502",1,3,667,0.970157500181925,16,3,8744,0.966932525014406,0.973393231492776
"503",1,3,668,0.970157500181925,25,0,8725,0.966932525014406,0.973393231492776
"504",1,3,669,0.970157500181925,20,0,8700,0.966932525014406,0.973393231492776
"505",1,3,670,0.970157500181925,26,0,8680,0.966932525014406,0.973393231492776
"506",1,3,671,0.970157500181925,16,0,8654,0.966932525014406,0.973393231492776
"507",1,3,672,0.970157500181925,24,0,8638,0.966932525014406,0.973393231492776
"508",1,3,673,0.970157500181925,20,0,8614,0.966932525014406,0.973393231492776
"509",1,3,674,0.970157500181925,17,0,8594,0.966932525014406,0.973393231492776
"510",1,3,675,0.970044388662724,22,1,8577,0.966812216421508,0.973287366453581
"511",1,3,676,0.969930986232439,19,1,8554,0.966691596810572,0.973181230867965
"512",1,3,677,0.969930986232439,19,0,8534,0.966691596810572,0.973181230867965
"513",1,3,678,0.969930986232439,24,0,8515,0.966691596810572,0.973181230867965
"514",1,3,679,0.96970252527702,16,2,8491,0.966448539125544,0.972967467444719
"515",1,3,680,0.9693591867221,4,3,8473,0.966083357096266,0.972646124146924
"516",1,3,681,0.969244686463806,23,1,8466,0.965961604643886,0.972538926725411
"517",1,3,682,0.969244686463806,23,0,8442,0.965961604643886,0.972538926725411
"518",1,3,683,0.969244686463806,20,0,8419,0.965961604643886,0.972538926725411
"519",1,3,684,0.969244686463806,22,0,8399,0.965961604643886,0.972538926725411
"520",1,3,685,0.969244686463806,19,0,8377,0.965961604643886,0.972538926725411
"521",1,3,686,0.969128720361094,29,1,8358,0.965838212965015,0.972430438163615
"522",1,3,687,0.969128720361094,26,0,8328,0.965838212965015,0.972430438163615
"523",1,3,688,0.969128720361094,27,0,8302,0.965838212965015,0.972430438163615
"524",1,3,689,0.969128720361094,20,0,8275,0.965838212965015,0.972430438163615
"525",1,3,690,0.969011321364079,31,1,8255,0.96571321816117,0.972320688247066
"526",1,3,691,0.969011321364079,25,0,8223,0.96571321816117,0.972320688247066
"527",1,3,692,0.968893120422219,27,1,8198,0.965587334372505,0.972210224165339
"528",1,3,693,0.968893120422219,18,0,8170,0.965587334372505,0.972210224165339
"529",1,3,694,0.968774266997241,21,1,8152,0.965460730969688,0.972099175337157
"530",1,3,695,0.968774266997241,20,0,8130,0.965460730969688,0.972099175337157
"531",1,3,696,0.968774266997241,25,0,8110,0.965460730969688,0.972099175337157
"532",1,3,697,0.968774266997241,30,0,8085,0.965460730969688,0.972099175337157
"533",1,3,698,0.968774266997241,32,0,8055,0.965460730969688,0.972099175337157
"534",1,3,699,0.968774266997241,24,0,8023,0.965460730969688,0.972099175337157
"535",1,3,700,0.968774266997241,24,0,7999,0.965460730969688,0.972099175337157
"536",1,3,701,0.968774266997241,21,0,7975,0.965460730969688,0.972099175337157
"537",1,3,702,0.968774266997241,25,0,7954,0.965460730969688,0.972099175337157
"538",1,3,703,0.968774266997241,26,0,7929,0.965460730969688,0.972099175337157
"539",1,3,704,0.968774266997241,18,0,7903,0.965460730969688,0.972099175337157
"540",1,3,705,0.968651404059131,25,1,7885,0.965329594414198,0.971984644431332
"541",1,3,706,0.968651404059131,18,0,7859,0.965329594414198,0.971984644431332
"542",1,3,707,0.968651404059131,22,0,7841,0.965329594414198,0.971984644431332
"543",1,3,708,0.968527519751156,19,1,7819,0.965197318217248,0.971869211414643
"544",1,3,709,0.968527519751156,27,0,7799,0.965197318217248,0.971869211414643
"545",1,3,710,0.968527519751156,15,0,7772,0.965197318217248,0.971869211414643
"546",1,3,711,0.968527519751156,21,0,7757,0.965197318217248,0.971869211414643
"547",1,3,712,0.968402322295138,23,1,7736,0.965063569620967,0.971752625782925
"548",1,3,713,0.968276751454592,20,1,7712,0.964929419712617,0.971635695061188
"549",1,3,714,0.968276751454592,28,0,7691,0.964929419712617,0.971635695061188
"550",1,3,715,0.968276751454592,25,0,7663,0.964929419712617,0.971635695061188
"551",1,3,716,0.968276751454592,32,0,7638,0.964929419712617,0.971635695061188
"552",1,3,717,0.968022142789997,22,2,7606,0.964657239962337,0.971398783020924
"553",1,3,718,0.967894469070294,27,1,7582,0.964520766698027,0.971279971984435
"554",1,3,719,0.967766339010846,23,1,7554,0.964383798149218,0.971160744010695
"555",1,3,720,0.967766339010846,22,0,7530,0.964383798149218,0.971160744010695
"556",1,3,721,0.967766339010846,23,0,7508,0.964383798149218,0.971160744010695
"557",1,3,722,0.967637044910777,25,1,7485,0.96424552639314,0.971040492338159
"558",1,3,723,0.967637044910777,16,0,7459,0.96424552639314,0.971040492338159
"559",1,3,724,0.967637044910777,33,0,7443,0.96424552639314,0.971040492338159
"560",1,3,725,0.967375874318359,23,2,7410,0.963966112239298,0.970797697482647
"561",1,3,726,0.967375874318359,18,0,7385,0.963966112239298,0.970797697482647
"562",1,3,727,0.967375874318359,33,0,7367,0.963966112239298,0.970797697482647
"563",1,3,728,0.967375874318359,26,0,7334,0.963966112239298,0.970797697482647
"564",1,3,729,0.967375874318359,28,0,7308,0.963966112239298,0.970797697482647
"565",1,3,730,0.967242993016942,17,1,7280,0.963823819749306,0.970674295831072
"566",1,3,731,0.967242993016942,29,0,7262,0.963823819749306,0.970674295831072
"567",1,3,732,0.967242993016942,24,0,7233,0.963823819749306,0.970674295831072
"568",1,3,733,0.967108821426844,21,1,7209,0.96368007817601,0.970549764037762
"569",1,3,734,0.967108821426844,22,0,7187,0.96368007817601,0.970549764037762
"570",1,3,735,0.967108821426844,24,0,7165,0.96368007817601,0.970549764037762
"571",1,3,736,0.967108821426844,25,0,7141,0.96368007817601,0.970549764037762
"572",1,3,737,0.966972915184372,30,1,7116,0.963534377329951,0.970423724051488
"573",1,3,738,0.966972915184372,35,0,7085,0.963534377329951,0.970423724051488
"574",1,3,739,0.966972915184372,28,0,7050,0.963534377329951,0.970423724051488
"575",1,3,740,0.966972915184372,30,0,7022,0.963534377329951,0.970423724051488
"576",1,3,741,0.966972915184372,23,0,6992,0.963534377329951,0.970423724051488
"577",1,3,742,0.966972915184372,24,0,6969,0.963534377329951,0.970423724051488
"578",1,3,743,0.966833682223222,25,1,6945,0.963384885386686,0.970294825319079
"579",1,3,744,0.966833682223222,23,0,6919,0.963384885386686,0.970294825319079
"580",1,3,745,0.966693480123132,25,1,6896,0.963234311834249,0.970165070981585
"581",1,3,746,0.966552767826171,18,1,6870,0.963083185259769,0.970034849835372
"582",1,3,747,0.96641168582824,29,1,6851,0.962931667571682,0.969904280810098
"583",1,3,748,0.96641168582824,19,0,6821,0.962931667571682,0.969904280810098
"584",1,3,749,0.96641168582824,32,0,6802,0.962931667571682,0.969904280810098
"585",1,3,750,0.96641168582824,30,0,6770,0.962931667571682,0.969904280810098
"586",1,3,751,0.96641168582824,29,0,6740,0.962931667571682,0.969904280810098
"587",1,3,752,0.96641168582824,27,0,6711,0.962931667571682,0.969904280810098
"588",1,3,753,0.96641168582824,30,0,6684,0.962931667571682,0.969904280810098
"589",1,3,754,0.966266448123727,28,1,6654,0.962775392570852,0.969770162359994
"590",1,3,755,0.966266448123727,22,0,6625,0.962775392570852,0.969770162359994
"591",1,3,756,0.966266448123727,30,0,6603,0.962775392570852,0.969770162359994
"592",1,3,757,0.966119442730737,24,1,6573,0.962617112903345,0.969634515230221
"593",1,3,758,0.966119442730737,30,0,6548,0.962617112903345,0.969634515230221
"594",1,3,759,0.966119442730737,19,0,6518,0.962617112903345,0.969634515230221
"595",1,3,760,0.966119442730737,21,0,6499,0.962617112903345,0.969634515230221
"596",1,3,761,0.96597030419373,25,1,6478,0.962456404327715,0.969497033204226
"597",1,3,762,0.965820587779565,37,1,6452,0.96229506825227,0.969359023602855
"598",1,3,763,0.965670007706634,28,1,6414,0.96213277370184,0.969220246178946
"599",1,3,764,0.965670007706634,24,0,6385,0.96213277370184,0.969220246178946
"600",1,3,765,0.965518196669421,27,1,6361,0.961969095004981,0.969080392437082
"601",1,3,766,0.965518196669421,24,0,6333,0.961969095004981,0.969080392437082
"602",1,3,767,0.965365158438851,28,1,6309,0.961804036578407,0.968939465510026
"603",1,3,768,0.965365158438851,24,0,6280,0.961804036578407,0.968939465510026
"604",1,3,769,0.965365158438851,23,0,6256,0.961804036578407,0.968939465510026
"605",1,3,770,0.965365158438851,37,0,6233,0.961804036578407,0.968939465510026
"606",1,3,771,0.965053549285062,26,2,6196,0.961467630705796,0.968652842014061
"607",1,3,772,0.965053549285062,28,0,6168,0.961467630705796,0.968652842014061
"608",1,3,773,0.964739199594741,28,2,6140,0.961128228465267,0.968363737189242
"609",1,3,774,0.964739199594741,28,0,6110,0.961128228465267,0.968363737189242
"610",1,3,775,0.964739199594741,28,0,6082,0.961128228465267,0.968363737189242
"611",1,3,776,0.964739199594741,11,0,6054,0.961128228465267,0.968363737189242
"612",1,3,777,0.964739199594741,23,0,6043,0.961128228465267,0.968363737189242
"613",1,3,778,0.964739199594741,23,0,6020,0.961128228465267,0.968363737189242
"614",1,3,779,0.964739199594741,32,0,5997,0.961128228465267,0.968363737189242
"615",1,3,780,0.964739199594741,28,0,5965,0.961128228465267,0.968363737189242
"616",1,3,781,0.96457670351935,17,1,5937,0.960952401240003,0.968214675119878
"617",1,3,782,0.96457670351935,26,0,5919,0.960952401240003,0.968214675119878
"618",1,3,783,0.96457670351935,22,0,5893,0.960952401240003,0.968214675119878
"619",1,3,784,0.96457670351935,30,0,5871,0.960952401240003,0.968214675119878
"620",1,3,785,0.964411564552817,36,1,5841,0.960773540251226,0.968063364442791
"621",1,3,786,0.964245401292212,22,1,5804,0.960593538046974,0.967911147730116
"622",1,3,787,0.964245401292212,23,0,5781,0.960593538046974,0.967911147730116
"623",1,3,788,0.964245401292212,33,0,5758,0.960593538046974,0.967911147730116
"624",1,3,789,0.964245401292212,26,0,5725,0.960593538046974,0.967911147730116
"625",1,3,790,0.964076205748908,26,1,5699,0.960410042791635,0.967756363510722
"626",1,3,791,0.964076205748908,29,0,5672,0.960410042791635,0.967756363510722
"627",1,3,792,0.964076205748908,25,0,5643,0.960410042791635,0.967756363510722
"628",1,3,793,0.964076205748908,25,0,5618,0.960410042791635,0.967756363510722
"629",1,3,794,0.964076205748908,31,0,5593,0.960410042791635,0.967756363510722
"630",1,3,795,0.964076205748908,25,0,5562,0.960410042791635,0.967756363510722
"631",1,3,796,0.964076205748908,35,0,5537,0.960410042791635,0.967756363510722
"632",1,3,797,0.964076205748908,27,0,5502,0.960410042791635,0.967756363510722
"633",1,3,798,0.96372403179247,17,2,5475,0.960027045947856,0.967435254428008
"634",1,3,799,0.963370760519818,22,2,5456,0.959643036976106,0.967112964367438
"635",1,3,800,0.963370760519818,36,0,5432,0.959643036976106,0.967112964367438
"636",1,3,801,0.963192226279544,28,1,5396,0.959448901114982,0.96695015616487
"637",1,3,802,0.963192226279544,22,0,5367,0.959448901114982,0.96695015616487
"638",1,3,803,0.963192226279544,32,0,5345,0.959448901114982,0.96695015616487
"639",1,3,804,0.963192226279544,32,0,5313,0.959448901114982,0.96695015616487
"640",1,3,805,0.963192226279544,24,0,5281,0.959448901114982,0.96695015616487
"641",1,3,806,0.963192226279544,24,0,5257,0.959448901114982,0.96695015616487
"642",1,3,807,0.963192226279544,31,0,5233,0.959448901114982,0.96695015616487
"643",1,3,808,0.963192226279544,29,0,5202,0.959448901114982,0.96695015616487
"644",1,3,809,0.963192226279544,41,0,5173,0.959448901114982,0.96695015616487
"645",1,3,810,0.963004542681282,32,1,5132,0.959244021067169,0.96677980665761
"646",1,3,811,0.962626819777701,23,2,5099,0.958831723900315,0.966436936802551
"647",1,3,812,0.962437102233401,29,1,5074,0.958624688947067,0.966264677339822
"648",1,3,813,0.961864677311374,31,3,5044,0.958000219764194,0.965744723615035
"649",1,3,814,0.961864677311374,32,0,5010,0.958000219764194,0.965744723615035
"650",1,3,815,0.961864677311374,34,0,4978,0.958000219764194,0.965744723615035
"651",1,3,816,0.961864677311374,26,0,4944,0.958000219764194,0.965744723615035
"652",1,3,817,0.961864677311374,19,0,4918,0.958000219764194,0.965744723615035
"653",1,3,818,0.961864677311374,27,0,4899,0.958000219764194,0.965744723615035
"654",1,3,819,0.961864677311374,21,0,4872,0.958000219764194,0.965744723615035
"655",1,3,820,0.961864677311374,21,0,4851,0.958000219764194,0.965744723615035
"656",1,3,821,0.961864677311374,36,0,4830,0.958000219764194,0.965744723615035
"657",1,3,822,0.961864677311374,24,0,4794,0.958000219764194,0.965744723615035
"658",1,3,823,0.961663028532064,21,1,4770,0.957779344954027,0.965562459994218
"659",1,3,824,0.961663028532064,18,0,4748,0.957779344954027,0.965562459994218
"660",1,3,825,0.961663028532064,30,0,4730,0.957779344954027,0.965562459994218
"661",1,3,826,0.961663028532064,30,0,4700,0.957779344954027,0.965562459994218
"662",1,3,827,0.961663028532064,23,0,4670,0.957779344954027,0.965562459994218
"663",1,3,828,0.961663028532064,26,0,4647,0.957779344954027,0.965562459994218
"664",1,3,829,0.961663028532064,29,0,4621,0.957779344954027,0.965562459994218
"665",1,3,830,0.961663028532064,21,0,4592,0.957779344954027,0.965562459994218
"666",1,3,831,0.961663028532064,24,0,4571,0.957779344954027,0.965562459994218
"667",1,3,832,0.961663028532064,26,0,4547,0.957779344954027,0.965562459994218
"668",1,3,833,0.961663028532064,21,0,4521,0.957779344954027,0.965562459994218
"669",1,3,834,0.961663028532064,27,0,4500,0.957779344954027,0.965562459994218
"670",1,3,835,0.961663028532064,36,0,4473,0.957779344954027,0.965562459994218
"671",1,3,836,0.961663028532064,28,0,4437,0.957779344954027,0.965562459994218
"672",1,3,837,0.961663028532064,31,0,4409,0.957779344954027,0.965562459994218
"673",1,3,838,0.961443370462504,22,1,4378,0.957536928265659,0.965365749685052
"674",1,3,839,0.961443370462504,21,0,4355,0.957536928265659,0.965365749685052
"675",1,3,840,0.961443370462504,25,0,4334,0.957536928265659,0.965365749685052
"676",1,3,841,0.96122024598572,17,1,4309,0.957290456968357,0.965166167245507
"677",1,3,842,0.960996237538742,29,1,4291,0.957043064245222,0.964965739856181
"678",1,3,843,0.960996237538742,27,0,4261,0.957043064245222,0.964965739856181
"679",1,3,844,0.960996237538742,30,0,4234,0.957043064245222,0.964965739856181
"680",1,3,845,0.960996237538742,24,0,4204,0.957043064245222,0.964965739856181
"681",1,3,846,0.960996237538742,20,0,4180,0.957043064245222,0.964965739856181
"682",1,3,847,0.960996237538742,24,0,4160,0.957043064245222,0.964965739856181
"683",1,3,848,0.960996237538742,40,0,4136,0.957043064245222,0.964965739856181
"684",1,3,849,0.960996237538742,26,0,4096,0.957043064245222,0.964965739856181
"685",1,3,850,0.960996237538742,32,0,4070,0.957043064245222,0.964965739856181
"686",1,3,851,0.960996237538742,27,0,4038,0.957043064245222,0.964965739856181
"687",1,3,852,0.960996237538742,33,0,4011,0.957043064245222,0.964965739856181
"688",1,3,853,0.960996237538742,25,0,3978,0.957043064245222,0.964965739856181
"689",1,3,854,0.960996237538742,33,0,3953,0.957043064245222,0.964965739856181
"690",1,3,855,0.960996237538742,22,0,3920,0.957043064245222,0.964965739856181
"691",1,3,856,0.960996237538742,18,0,3898,0.957043064245222,0.964965739856181
"692",1,3,857,0.960996237538742,22,0,3880,0.957043064245222,0.964965739856181
"693",1,3,858,0.960747145719784,30,1,3858,0.956765149645271,0.964745714610252
"694",1,3,859,0.960747145719784,24,0,3827,0.956765149645271,0.964745714610252
"695",1,3,860,0.960747145719784,27,0,3803,0.956765149645271,0.964745714610252
"696",1,3,861,0.960492710564667,32,1,3776,0.956480857487528,0.964521390915439
"697",1,3,862,0.960492710564667,19,0,3743,0.956480857487528,0.964521390915439
"698",1,3,863,0.960492710564667,25,0,3724,0.956480857487528,0.964521390915439
"699",1,3,864,0.960233047761054,36,1,3699,0.956190328810797,0.964292859099739
"700",1,3,865,0.9597086168229,16,2,3662,0.955603700513393,0.963831166318526
"701",1,3,866,0.9597086168229,34,0,3644,0.955603700513393,0.963831166318526
"702",1,3,867,0.9597086168229,30,0,3610,0.955603700513393,0.963831166318526
"703",1,3,868,0.9597086168229,27,0,3580,0.955603700513393,0.963831166318526
"704",1,3,869,0.9597086168229,25,0,3553,0.955603700513393,0.963831166318526
"705",1,3,870,0.959436590570966,27,1,3528,0.955298579093209,0.963592526433166
"706",1,3,871,0.959436590570966,21,0,3500,0.955298579093209,0.963592526433166
"707",1,3,872,0.959160811154303,21,1,3479,0.954989063695995,0.963350782357277
"708",1,3,873,0.959160811154303,21,0,3457,0.954989063695995,0.963350782357277
"709",1,3,874,0.959160811154303,19,0,3436,0.954989063695995,0.963350782357277
"710",1,3,875,0.959160811154303,24,0,3417,0.954989063695995,0.963350782357277
"711",1,3,876,0.959160811154303,27,0,3393,0.954989063695995,0.963350782357277
"712",1,3,877,0.959160811154303,28,0,3366,0.954989063695995,0.963350782357277
"713",1,3,878,0.959160811154303,32,0,3338,0.954989063695995,0.963350782357277
"714",1,3,879,0.959160811154303,26,0,3306,0.954989063695995,0.963350782357277
"715",1,3,880,0.959160811154303,24,0,3280,0.954989063695995,0.963350782357277
"716",1,3,881,0.959160811154303,25,0,3256,0.954989063695995,0.963350782357277
"717",1,3,882,0.959160811154303,22,0,3231,0.954989063695995,0.963350782357277
"718",1,3,883,0.959160811154303,21,0,3209,0.954989063695995,0.963350782357277
"719",1,3,884,0.959160811154303,33,0,3188,0.954989063695995,0.963350782357277
"720",1,3,885,0.959160811154303,25,0,3155,0.954989063695995,0.963350782357277
"721",1,3,886,0.959160811154303,29,0,3130,0.954989063695995,0.963350782357277
"722",1,3,887,0.959160811154303,32,0,3101,0.954989063695995,0.963350782357277
"723",1,3,888,0.959160811154303,23,0,3069,0.954989063695995,0.963350782357277
"724",1,3,889,0.959160811154303,28,0,3046,0.954989063695995,0.963350782357277
"725",1,3,890,0.959160811154303,25,0,3018,0.954989063695995,0.963350782357277
"726",1,3,891,0.959160811154303,21,0,2993,0.954989063695995,0.963350782357277
"727",1,3,892,0.959160811154303,27,0,2972,0.954989063695995,0.963350782357277
"728",1,3,893,0.959160811154303,34,0,2945,0.954989063695995,0.963350782357277
"729",1,3,894,0.958831315856757,19,1,2911,0.954611635528943,0.963069648484005
"730",1,3,895,0.958499655076454,28,1,2891,0.954231986534855,0.962786410166228
"731",1,3,896,0.958164749536595,25,1,2862,0.953848721988731,0.962500306485049
"732",1,3,897,0.957826891726462,24,1,2836,0.953462224060274,0.962211539548503
"733",1,3,898,0.957826891726462,24,0,2811,0.953462224060274,0.962211539548503
"734",1,3,899,0.957826891726462,26,0,2787,0.953462224060274,0.962211539548503
"735",1,3,900,0.957826891726462,23,0,2761,0.953462224060274,0.962211539548503
"736",1,3,901,0.957826891726462,27,0,2738,0.953462224060274,0.962211539548503
"737",1,3,902,0.957826891726462,21,0,2711,0.953462224060274,0.962211539548503
"738",1,3,903,0.957826891726462,18,0,2690,0.953462224060274,0.962211539548503
"739",1,3,904,0.957826891726462,22,0,2672,0.953462224060274,0.962211539548503
"740",1,3,905,0.957826891726462,18,0,2650,0.953462224060274,0.962211539548503
"741",1,3,906,0.957826891726462,26,0,2632,0.953462224060274,0.962211539548503
"742",1,3,907,0.957826891726462,32,0,2606,0.953462224060274,0.962211539548503
"743",1,3,908,0.957826891726462,18,0,2574,0.953462224060274,0.962211539548503
"744",1,3,909,0.957452155070857,33,1,2556,0.953028248522556,0.96189659715856
"745",1,3,910,0.957452155070857,19,0,2522,0.953028248522556,0.96189659715856
"746",1,3,911,0.957452155070857,33,0,2503,0.953028248522556,0.96189659715856
"747",1,3,912,0.957452155070857,18,0,2470,0.953028248522556,0.96189659715856
"748",1,3,913,0.957061677030453,21,1,2452,0.952574318467966,0.961570174507225
"749",1,3,914,0.957061677030453,18,0,2430,0.952574318467966,0.961570174507225
"750",1,3,915,0.957061677030453,17,0,2412,0.952574318467966,0.961570174507225
"751",1,3,916,0.957061677030453,21,0,2395,0.952574318467966,0.961570174507225
"752",1,3,917,0.957061677030453,26,0,2374,0.952574318467966,0.961570174507225
"753",1,3,918,0.957061677030453,23,0,2348,0.952574318467966,0.961570174507225
"754",1,3,919,0.957061677030453,20,0,2325,0.952574318467966,0.961570174507225
"755",1,3,920,0.956646465890744,22,1,2305,0.952088372797079,0.961226380711513
"756",1,3,921,0.956227251839082,26,1,2282,0.951598217751124,0.960878803788243
"757",1,3,922,0.956227251839082,23,0,2255,0.951598217751124,0.960878803788243
"758",1,3,923,0.956227251839082,26,0,2232,0.951598217751124,0.960878803788243
"759",1,3,924,0.956227251839082,25,0,2206,0.951598217751124,0.960878803788243
"760",1,3,925,0.956227251839082,24,0,2181,0.951598217751124,0.960878803788243
"761",1,3,926,0.956227251839082,22,0,2157,0.951598217751124,0.960878803788243
"762",1,3,927,0.956227251839082,15,0,2135,0.951598217751124,0.960878803788243
"763",1,3,928,0.956227251839082,26,0,2120,0.951598217751124,0.960878803788243
"764",1,3,929,0.956227251839082,23,0,2094,0.951598217751124,0.960878803788243
"765",1,3,930,0.956227251839082,17,0,2071,0.951598217751124,0.960878803788243
"766",1,3,931,0.956227251839082,23,0,2054,0.951598217751124,0.960878803788243
"767",1,3,932,0.956227251839082,19,0,2031,0.951598217751124,0.960878803788243
"768",1,3,933,0.956227251839082,29,0,2012,0.951598217751124,0.960878803788243
"769",1,3,934,0.956227251839082,13,0,1983,0.951598217751124,0.960878803788243
"770",1,3,935,0.956227251839082,20,0,1970,0.951598217751124,0.960878803788243
"771",1,3,936,0.956227251839082,17,0,1950,0.951598217751124,0.960878803788243
"772",1,3,937,0.956227251839082,25,0,1933,0.951598217751124,0.960878803788243
"773",1,3,938,0.956227251839082,27,0,1908,0.951598217751124,0.960878803788243
"774",1,3,939,0.955718890726994,23,1,1881,0.950987070134106,0.960474255410886
"775",1,3,940,0.955718890726994,18,0,1857,0.950987070134106,0.960474255410886
"776",1,3,941,0.955718890726994,18,0,1839,0.950987070134106,0.960474255410886
"777",1,3,942,0.955718890726994,16,0,1821,0.950987070134106,0.960474255410886
"778",1,3,943,0.955718890726994,13,0,1805,0.950987070134106,0.960474255410886
"779",1,3,944,0.955718890726994,24,0,1792,0.950987070134106,0.960474255410886
"780",1,3,945,0.955718890726994,20,0,1768,0.950987070134106,0.960474255410886
"781",1,3,946,0.955718890726994,16,0,1748,0.950987070134106,0.960474255410886
"782",1,3,947,0.955718890726994,24,0,1732,0.950987070134106,0.960474255410886
"783",1,3,948,0.955718890726994,30,0,1708,0.950987070134106,0.960474255410886
"784",1,3,949,0.955718890726994,17,0,1678,0.950987070134106,0.960474255410886
"785",1,3,950,0.955718890726994,18,0,1661,0.950987070134106,0.960474255410886
"786",1,3,951,0.955718890726994,24,0,1643,0.950987070134106,0.960474255410886
"787",1,3,952,0.955718890726994,26,0,1619,0.950987070134106,0.960474255410886
"788",1,3,953,0.955718890726994,28,0,1593,0.950987070134106,0.960474255410886
"789",1,3,954,0.955718890726994,14,0,1565,0.950987070134106,0.960474255410886
"790",1,3,955,0.955718890726994,22,0,1551,0.950987070134106,0.960474255410886
"791",1,3,956,0.955718890726994,22,0,1529,0.950987070134106,0.960474255410886
"792",1,3,957,0.955718890726994,13,0,1507,0.950987070134106,0.960474255410886
"793",1,3,958,0.955718890726994,22,0,1494,0.950987070134106,0.960474255410886
"794",1,3,959,0.955718890726994,26,0,1472,0.950987070134106,0.960474255410886
"795",1,3,960,0.955718890726994,17,0,1446,0.950987070134106,0.960474255410886
"796",1,3,961,0.955718890726994,27,0,1429,0.950987070134106,0.960474255410886
"797",1,3,962,0.955718890726994,21,0,1402,0.950987070134106,0.960474255410886
"798",1,3,963,0.955026842290551,14,1,1381,0.950109295675766,0.959969840992605
"799",1,3,964,0.955026842290551,25,0,1366,0.950109295675766,0.959969840992605
"800",1,3,965,0.955026842290551,17,0,1341,0.950109295675766,0.959969840992605
"801",1,3,966,0.955026842290551,20,0,1324,0.950109295675766,0.959969840992605
"802",1,3,967,0.955026842290551,13,0,1304,0.950109295675766,0.959969840992605
"803",1,3,968,0.955026842290551,18,0,1291,0.950109295675766,0.959969840992605
"804",1,3,969,0.955026842290551,18,0,1273,0.950109295675766,0.959969840992605
"805",1,3,970,0.955026842290551,15,0,1255,0.950109295675766,0.959969840992605
"806",1,3,971,0.955026842290551,24,0,1240,0.950109295675766,0.959969840992605
"807",1,3,972,0.955026842290551,14,0,1216,0.950109295675766,0.959969840992605
"808",1,3,973,0.955026842290551,17,0,1202,0.950109295675766,0.959969840992605
"809",1,3,974,0.955026842290551,26,0,1185,0.950109295675766,0.959969840992605
"810",1,3,975,0.955026842290551,18,0,1159,0.950109295675766,0.959969840992605
"811",1,3,976,0.955026842290551,23,0,1141,0.950109295675766,0.959969840992605
"812",1,3,977,0.954172614345747,13,1,1118,0.948984412280991,0.959389180881317
"813",1,3,978,0.954172614345747,18,0,1104,0.948984412280991,0.959389180881317
"814",1,3,979,0.954172614345747,15,0,1086,0.948984412280991,0.959389180881317
"815",1,3,980,0.954172614345747,21,0,1071,0.948984412280991,0.959389180881317
"816",1,3,981,0.954172614345747,17,0,1050,0.948984412280991,0.959389180881317
"817",1,3,982,0.954172614345747,13,0,1033,0.948984412280991,0.959389180881317
"818",1,3,983,0.954172614345747,10,0,1020,0.948984412280991,0.959389180881317
"819",1,3,984,0.953227888985009,22,1,1010,0.947726930914453,0.958760776653329
"820",1,3,985,0.951296322847248,19,2,987,0.945195147254357,0.957436881147217
"821",1,3,986,0.951296322847248,14,0,966,0.945195147254357,0.957436881147217
"822",1,3,987,0.951296322847248,19,0,952,0.945195147254357,0.957436881147217
"823",1,3,988,0.951296322847248,16,0,933,0.945195147254357,0.957436881147217
"824",1,3,989,0.951296322847248,19,0,917,0.945195147254357,0.957436881147217
"825",1,3,990,0.951296322847248,18,0,898,0.945195147254357,0.957436881147217
"826",1,3,991,0.951296322847248,20,0,880,0.945195147254357,0.957436881147217
"827",1,3,992,0.951296322847248,10,0,860,0.945195147254357,0.957436881147217
"828",1,3,993,0.951296322847248,15,0,850,0.945195147254357,0.957436881147217
"829",1,3,994,0.951296322847248,19,0,835,0.945195147254357,0.957436881147217
"830",1,3,995,0.951296322847248,24,0,816,0.945195147254357,0.957436881147217
"831",1,3,996,0.951296322847248,13,0,792,0.945195147254357,0.957436881147217
"832",1,3,997,0.951296322847248,15,0,779,0.945195147254357,0.957436881147217
"833",1,3,998,0.951296322847248,18,0,764,0.945195147254357,0.957436881147217
"834",1,3,999,0.951296322847248,21,0,746,0.945195147254357,0.957436881147217
"835",1,3,1000,0.951296322847248,8,0,725,0.945195147254357,0.957436881147217
"836",1,3,1001,0.951296322847248,19,0,717,0.945195147254357,0.957436881147217
"837",1,3,1002,0.951296322847248,16,0,698,0.945195147254357,0.957436881147217
"838",1,3,1003,0.951296322847248,22,0,682,0.945195147254357,0.957436881147217
"839",1,3,1004,0.951296322847248,13,0,660,0.945195147254357,0.957436881147217
"840",1,3,1005,0.949826003955676,10,1,647,0.943094193865052,0.956605865733385
"841",1,3,1006,0.949826003955676,6,0,636,0.943094193865052,0.956605865733385
"842",1,3,1007,0.949826003955676,11,0,630,0.943094193865052,0.956605865733385
"843",1,3,1008,0.949826003955676,16,0,619,0.943094193865052,0.956605865733385
"844",1,3,1009,0.949826003955676,16,0,603,0.943094193865052,0.956605865733385
"845",1,3,1010,0.949826003955676,16,0,587,0.943094193865052,0.956605865733385
"846",1,3,1011,0.949826003955676,7,0,571,0.943094193865052,0.956605865733385
"847",1,3,1012,0.949826003955676,15,0,564,0.943094193865052,0.956605865733385
"848",1,3,1013,0.949826003955676,5,0,549,0.943094193865052,0.956605865733385
"849",1,3,1014,0.949826003955676,16,0,544,0.943094193865052,0.956605865733385
"850",1,3,1015,0.949826003955676,11,0,528,0.943094193865052,0.956605865733385
"851",1,3,1016,0.949826003955676,15,0,517,0.943094193865052,0.956605865733385
"852",1,3,1017,0.949826003955676,20,0,502,0.943094193865052,0.956605865733385
"853",1,3,1018,0.947855410586473,10,1,482,0.940119416716793,0.955655061902311
"854",1,3,1019,0.947855410586473,16,0,471,0.940119416716793,0.955655061902311
"855",1,3,1020,0.947855410586473,9,0,455,0.940119416716793,0.955655061902311
"856",1,3,1021,0.947855410586473,13,0,446,0.940119416716793,0.955655061902311
"857",1,3,1022,0.947855410586473,12,0,433,0.940119416716793,0.955655061902311
"858",1,3,1023,0.947855410586473,13,0,421,0.940119416716793,0.955655061902311
"859",1,3,1024,0.947855410586473,9,0,408,0.940119416716793,0.955655061902311
"860",1,3,1025,0.947855410586473,3,0,399,0.940119416716793,0.955655061902311
"861",1,3,1026,0.947855410586473,7,0,396,0.940119416716793,0.955655061902311
"862",1,3,1027,0.947855410586473,9,0,389,0.940119416716793,0.955655061902311
"863",1,3,1028,0.947855410586473,11,0,380,0.940119416716793,0.955655061902311
"864",1,3,1029,0.947855410586473,19,0,369,0.940119416716793,0.955655061902311
"865",1,3,1030,0.947855410586473,10,0,350,0.940119416716793,0.955655061902311
"866",1,3,1031,0.947855410586473,14,0,340,0.940119416716793,0.955655061902311
"867",1,3,1032,0.947855410586473,11,0,326,0.940119416716793,0.955655061902311
"868",1,3,1033,0.947855410586473,10,0,315,0.940119416716793,0.955655061902311
"869",1,3,1034,0.947855410586473,12,0,305,0.940119416716793,0.955655061902311
"870",1,3,1035,0.947855410586473,8,0,293,0.940119416716793,0.955655061902311
"871",1,3,1036,0.947855410586473,5,0,285,0.940119416716793,0.955655061902311
"872",1,3,1037,0.947855410586473,4,0,280,0.940119416716793,0.955655061902311
"873",1,3,1038,0.947855410586473,12,0,276,0.940119416716793,0.955655061902311
"874",1,3,1039,0.947855410586473,12,0,264,0.940119416716793,0.955655061902311
"875",1,3,1040,0.947855410586473,9,0,252,0.940119416716793,0.955655061902311
"876",1,3,1041,0.947855410586473,14,0,243,0.940119416716793,0.955655061902311
"877",1,3,1042,0.947855410586473,2,0,229,0.940119416716793,0.955655061902311
"878",1,3,1043,0.947855410586473,7,0,227,0.940119416716793,0.955655061902311
"879",1,3,1044,0.947855410586473,9,0,220,0.940119416716793,0.955655061902311
"880",1,3,1045,0.947855410586473,7,0,211,0.940119416716793,0.955655061902311
"881",1,3,1046,0.947855410586473,9,0,204,0.940119416716793,0.955655061902311
"882",1,3,1047,0.947855410586473,5,0,195,0.940119416716793,0.955655061902311
"883",1,3,1048,0.947855410586473,6,0,190,0.940119416716793,0.955655061902311
"884",1,3,1049,0.947855410586473,7,0,184,0.940119416716793,0.955655061902311
"885",1,3,1050,0.947855410586473,6,0,177,0.940119416716793,0.955655061902311
"886",1,3,1051,0.947855410586473,5,0,171,0.940119416716793,0.955655061902311
"887",1,3,1052,0.947855410586473,11,0,166,0.940119416716793,0.955655061902311
"888",1,3,1053,0.947855410586473,5,0,155,0.940119416716793,0.955655061902311
"889",1,3,1054,0.947855410586473,6,0,150,0.940119416716793,0.955655061902311
"890",1,3,1055,0.947855410586473,3,0,144,0.940119416716793,0.955655061902311
"891",1,3,1056,0.947855410586473,5,0,141,0.940119416716793,0.955655061902311
"892",1,3,1057,0.947855410586473,3,0,136,0.940119416716793,0.955655061902311
"893",1,3,1058,0.947855410586473,6,0,133,0.940119416716793,0.955655061902311
"894",1,3,1059,0.947855410586473,6,0,127,0.940119416716793,0.955655061902311
"895",1,3,1060,0.947855410586473,1,0,121,0.940119416716793,0.955655061902311
"896",1,3,1061,0.947855410586473,2,0,120,0.940119416716793,0.955655061902311
"897",1,3,1062,0.947855410586473,13,0,118,0.940119416716793,0.955655061902311
"898",1,3,1063,0.947855410586473,6,0,105,0.940119416716793,0.955655061902311
"899",1,3,1064,0.947855410586473,4,0,99,0.940119416716793,0.955655061902311
"900",1,3,1065,0.947855410586473,4,0,95,0.940119416716793,0.955655061902311
"901",1,3,1066,0.947855410586473,1,0,91,0.940119416716793,0.955655061902311
"902",1,3,1067,0.947855410586473,1,0,90,0.940119416716793,0.955655061902311
"903",1,3,1068,0.947855410586473,8,0,89,0.940119416716793,0.955655061902311
"904",1,3,1069,0.947855410586473,5,0,81,0.940119416716793,0.955655061902311
"905",1,3,1070,0.947855410586473,4,0,76,0.940119416716793,0.955655061902311
"906",1,3,1071,0.947855410586473,9,0,72,0.940119416716793,0.955655061902311
"907",1,3,1072,0.947855410586473,2,0,63,0.940119416716793,0.955655061902311
"908",1,3,1073,0.947855410586473,6,0,61,0.940119416716793,0.955655061902311
"909",1,3,1074,0.947855410586473,6,0,55,0.940119416716793,0.955655061902311
"910",1,3,1075,0.947855410586473,4,0,49,0.940119416716793,0.955655061902311
"911",1,3,1076,0.947855410586473,1,0,45,0.940119416716793,0.955655061902311
"912",1,3,1077,0.947855410586473,3,0,44,0.940119416716793,0.955655061902311
"913",1,3,1078,0.947855410586473,3,0,41,0.940119416716793,0.955655061902311
"914",1,3,1079,0.947855410586473,4,0,38,0.940119416716793,0.955655061902311
"915",1,3,1080,0.947855410586473,7,0,34,0.940119416716793,0.955655061902311
"916",1,3,1081,0.947855410586473,2,0,27,0.940119416716793,0.955655061902311
"917",1,3,1082,0.947855410586473,3,0,25,0.940119416716793,0.955655061902311
"918",1,3,1084,0.947855410586473,3,0,22,0.940119416716793,0.955655061902311
"919",1,3,1085,0.947855410586473,1,0,19,0.940119416716793,0.955655061902311
"920",1,3,1087,0.947855410586473,3,0,18,0.940119416716793,0.955655061902311
"921",1,3,1088,0.947855410586473,3,0,15,0.940119416716793,0.955655061902311
"922",1,3,1090,0.947855410586473,1,0,12,0.940119416716793,0.955655061902311
"923",1,3,1091,0.947855410586473,2,0,11,0.940119416716793,0.955655061902311
"924",1,3,1092,0.947855410586473,2,0,9,0.940119416716793,0.955655061902311
"925",1,3,1093,0.947855410586473,1,0,7,0.940119416716793,0.955655061902311
"926",1,3,1094,0.947855410586473,2,0,6,0.940119416716793,0.955655061902311
"927",1,3,1099,0.947855410586473,1,0,4,0.940119416716793,0.955655061902311
"928",1,3,1101,0.947855410586473,1,0,3,0.940119416716793,0.955655061902311
"929",1,3,1102,0.947855410586473,1,0,2,0.940119416716793,0.955655061902311
"930",1,3,1111,0.947855410586473,1,0,1,0.940119416716793,0.955655061902311
